    0.0130    8.3775   -2.2848
    0.1301    7.0683    0.0915
    0.2106    5.9269    1.5972
    0.3106    5.1135    2.4625
    0.4145    4.5689    2.9364
    0.5100    4.2045    3.1832
    0.6099    3.9526    3.2986
    0.7103    3.7692    3.3369
    0.8095    3.6271    3.3296
    0.9194    3.5100    3.2947
    1.0169    3.4079    3.2430
    1.1110    3.3150    3.1809
    1.2100    3.2278    3.1123
    1.3103    3.1441    3.0397
    1.4109    3.0627    2.9648
    1.5112    2.9829    2.8885
    1.6108    2.9042    2.8115
    1.7107    2.8265    2.7344
    1.8111    2.7497    2.6574
    1.9106    2.6738    2.5810
    2.0101    2.5988    2.5052
    2.1115    2.5246    2.4302
    2.2100    2.4515    2.3563
    2.3100    2.3795    2.2835
    2.4108    2.3086    2.2119
    2.5100    2.2389    2.1416
    2.6101    2.1705    2.0726
    2.7104    2.1034    2.0051
    2.8098    2.0376    1.9391
    2.9103    1.9733    1.8746
    3.0099    1.9104    1.8116
    3.1104    1.8489    1.7502
    3.2103    1.7890    1.6904
    3.3107    1.7305    1.6321
    3.4102    1.6735    1.5755
    3.5150    1.6181    1.5204
    3.6113    1.5642    1.4670
    3.7109    1.5118    1.4150
    3.8105    1.4608    1.3647
    3.9102    1.4114    1.3159
    4.0108    1.3634    1.2686
    4.1105    1.3169    1.2227
    4.2110    1.2718    1.1784
    4.3104    1.2281    1.1355
    4.4098    1.1857    1.0939
    4.5108    1.1447    1.0538
    4.6111    1.1051    1.0150
    4.7108    1.0667    0.9775
    4.8112    1.0296    0.9413
    4.9103    0.9937    0.9063
    5.0096    0.9590    0.8725
    5.1117    0.9255    0.8399
    5.2101    0.8931    0.8085
    5.3116    0.8618    0.7781
    5.4116    0.8316    0.7488
    5.5121    0.8024    0.7206
    5.6106    0.7742    0.6934
    5.7109    0.7470    0.6671
    5.8112    0.7208    0.6418
    5.9111    0.6954    0.6175
    6.0110    0.6710    0.5940
    6.1098    0.6474    0.5713
    6.2106    0.6246    0.5495
    6.3108    0.6026    0.5285
    6.4117    0.5814    0.5083
    6.5109    0.5610    0.4888
    6.6099    0.5413    0.4701
    6.7101    0.5223    0.4520
    6.8103    0.5039    0.4346
    6.9123    0.4862    0.4178
    7.0108    0.4692    0.4017
    7.1107    0.4527    0.3862
    7.2097    0.4369    0.3713
    7.3104    0.4216    0.3569
    7.4099    0.4068    0.3431
    7.5099    0.3926    0.3298
    7.6102    0.3788    0.3169
    7.7094    0.3656    0.3046
    7.8098    0.3528    0.2928
    7.9107    0.3405    0.2814
    8.0103    0.3287    0.2704
    8.1108    0.3172    0.2598
    8.2098    0.3062    0.2497
    8.3102    0.2955    0.2399
    8.4105    0.2852    0.2305
    8.5101    0.2753    0.2215
    8.6102    0.2658    0.2128
    8.7104    0.2566    0.2044
    8.8100    0.2477    0.1964
    8.9108    0.2391    0.1887
    9.0107    0.2308    0.1812
    9.1103    0.2228    0.1741
    9.2103    0.2152    0.1672
    9.3098    0.2077    0.1606
    9.4124    0.2006    0.1542
    9.5125    0.1937    0.1481
    9.6106    0.1870    0.1423
    9.7103    0.1805    0.1366
    9.8102    0.1743    0.1312
    9.9113    0.1684    0.1260
   10.0102    0.1626    0.1210
   10.1149    0.1570    0.1162
   10.2141    0.1516    0.1115
   10.3108    0.1464    0.1071
   10.4110    0.1414    0.1028
   10.5107    0.1366    0.0987
   10.6116    0.1319    0.0948
   10.7101    0.1274    0.0910
   10.8108    0.1230    0.0873
   10.9120    0.1188    0.0838
   11.0103    0.1148    0.0805
   11.1115    0.1109    0.0772
   11.2101    0.1071    0.0741
   11.3122    0.1035    0.0712
   11.4107    0.0999    0.0683
   11.5104    0.0965    0.0655
   11.6110    0.0933    0.0629
   11.7124    0.0901    0.0604
   11.8107    0.0870    0.0579
   11.9139    0.0841    0.0556
   12.0107    0.0812    0.0533
   12.1104    0.0785    0.0512
   12.2114    0.0758    0.0491
   12.3104    0.0732    0.0471
   12.4108    0.0708    0.0452
   12.5108    0.0684    0.0434
   12.6106    0.0660    0.0416
   12.7108    0.0638    0.0399
   12.8101    0.0617    0.0383
   12.9107    0.0596    0.0367
   13.0102    0.0576    0.0352
   13.1097    0.0556    0.0338
   13.2102    0.0537    0.0324
   13.3104    0.0519    0.0311
   13.4104    0.0502    0.0298
   13.5116    0.0485    0.0286
   13.6104    0.0468    0.0274
   13.7105    0.0453    0.0263
   13.8101    0.0437    0.0252
   13.9111    0.0423    0.0242
   14.0117    0.0408    0.0232
   14.1119    0.0395    0.0222
   14.2111    0.0381    0.0213
   14.3116    0.0368    0.0204
   14.4107    0.0356    0.0196
   14.5104    0.0344    0.0188
   14.6125    0.0332    0.0180
   14.7112    0.0321    0.0173
   14.8106    0.0310    0.0165
   14.9102    0.0300    0.0159
   15.0109   -6.7380    1.3327
   15.1107   -7.2611    2.7852
   15.2104   -7.5007    4.4215
   15.3109   -7.1781    5.9880
   15.4109   -6.0948    7.0926
   15.5108   -4.3621    7.4300
   15.6116   -2.4180    7.0497
   15.7155   -0.7074    6.2985
   15.8112    0.5799    5.5112
   15.9109    1.4692    4.8515
   16.0105    2.0592    4.3523
   16.1109    2.4436    3.9916
   16.2109    2.6913    3.7358
   16.3107    2.8489    3.5544
   16.4107    2.9469    3.4245
   16.5105    3.0052    3.3294
   16.6106    3.0369    3.2577
   16.7113    3.0504    3.2014
   16.8115    3.0514    3.1551
   16.9109    3.0436    3.1152
   17.0114    3.0296    3.0793
   17.1102    3.0109    3.0457
   17.2106    2.9886    3.0133
   17.3104    2.9636    2.9812
   17.4106    2.9363    2.9490
   17.5110    2.9070    2.9164
   17.6101    2.8761    2.8831
   17.7110    2.8436    2.8489
   17.8105    2.8096    2.8138
   17.9105    2.7743    2.7776
   18.0108    2.7378    2.7405
   18.1109    2.7001    2.7023
   18.2100    2.6612    2.6631
   18.3109    2.6213    2.6229
   18.4105    2.5803    2.5818
   18.5114    2.5384    2.5397
   18.6103    2.4955    2.4967
   18.7106    2.4519    2.4530
   18.8106    2.4075    2.4085
   18.9107    2.3624    2.3633
   19.0120    2.3167    2.3176
   19.1108    2.2705    2.2713
   19.2102    2.2238    2.2246
   19.3105    2.1768    2.1775
   19.4109    2.1294    2.1301
   19.5152    2.0819    2.0826
   19.6110    2.0342    2.0349
   19.7104    1.9866    1.9871
   19.8108    1.9389    1.9395
   19.9110    1.8914    1.8919
   20.0153    1.8441    1.8446
   20.1110    1.7970    1.7975
   20.2111    1.7503    1.7507
   20.3106    1.7039    1.7044
   20.4108    1.6580    1.6585
   20.5109    1.6127    1.6131
   20.6144    1.5679    1.5683
   20.7110    1.5237    1.5241
   20.8107    1.4802    1.4806
   20.9105    1.4374    1.4378
   21.0106    1.3954    1.3957
   21.1153    1.3541    1.3544
   21.2108    1.3136    1.3139
   21.3103    1.2739    1.2742
   21.4108    1.2350    1.2353
   21.5110    1.1970    1.1973
   21.6107    1.1599    1.1601
   21.7107    1.1236    1.1238
   21.8106    1.0882    1.0884
   21.9106    1.0537    1.0539
   22.0108    1.0201    1.0203
   22.1102    0.9873    0.9875
   22.2126    0.9554    0.9556
   22.3105    0.9244    0.9245
   22.4106    0.8942    0.8944
   22.5102    0.8649    0.8650
   22.6106    0.8364    0.8366
   22.7106    0.8087    0.8089
   22.8107    0.7819    0.7820
   22.9107    0.7559    0.7560
   23.0105    0.7306    0.7307
   23.1104    0.7061    0.7062
   23.2110    0.6824    0.6825
   23.3105    0.6594    0.6595
   23.4106    0.6371    0.6372
   23.5110    0.6155    0.6156
   23.6105    0.5946    0.5947
   23.7108    0.5744    0.5745
   23.8111    0.5548    0.5549
   23.9107    0.5358    0.5359
   24.0104    0.5175    0.5176
   24.1107    0.4998    0.4999
   24.2108    0.4826    0.4827
   24.3105    0.4660    0.4661
   24.4106    0.4500    0.4501
   24.5110    0.4345    0.4346
   24.6105    0.4195    0.4196
   24.7105    0.4050    0.4051
   24.8102    0.3911    0.3911
   24.9158    0.3775    0.3776
   25.0155   -8.5909    3.5890
   25.1111   -8.6303    5.7363
   25.2111   -7.6931    7.5122
   25.3111   -5.6920    8.2950
   25.4116   -3.1955    7.9417
   25.5112   -0.9844    6.9542
   25.6110    0.5880    5.9075
   25.7110    1.5819    5.0610
   25.8110    2.1747    4.4422
   25.9108    2.5142    4.0019
   26.0111    2.6977    3.6858
   26.1112    2.7852    3.4521
   26.2110    2.8129    3.2721
   26.3116    2.8032    3.1272
   26.4117    2.7697    3.0053
   26.5111    2.7211    2.8985
   26.6111    2.6629    2.8020
   26.7111    2.5986    2.7125
   26.8109    2.5308    2.6280
   26.9113    2.4608    2.5473
   27.0117    2.3898    2.4695
   27.1109    2.3185    2.3940
   27.2107    2.2475    2.3206
   27.3117    2.1771    2.2489
   27.4118    2.1076    2.1790
   27.5124    2.0392    2.1106
   27.6112    1.9720    2.0439
   27.7110    1.9062    1.9787
   27.8109    1.8419    1.9151
   27.9111    1.7790    1.8530
   28.0113    1.7177    1.7924
   28.1111    1.6580    1.7334
   28.2118    1.5998    1.6760
   28.3109    1.5433    1.6201
   28.4111    1.4884    1.5657
   28.5117    1.4351    1.5129
   28.6114    1.3833    1.4615
   28.7109    1.3332    1.4117
   28.8112    1.2846    1.3634
   28.9109    1.2376    1.3165
   29.0118    1.1921    1.2711
   29.1111    1.1481    1.2271
   29.2108    1.1055    1.1845
   29.3111    1.0643    1.1433
   29.4106    1.0246    1.1034
   29.5116    0.9862    1.0648
   29.6114    0.9491    1.0275
   29.7112    0.9133    0.9914
   29.8117    0.8788    0.9565
   29.9109    0.8455    0.9228
   30.0109    0.8134    0.8903
   30.1108    0.7824    0.8588
   30.2123    0.7525    0.8285
   30.3116    0.7238    0.7992
   30.4114    0.6960    0.7709
   30.5111    0.6693    0.7436
   30.6108    0.6436    0.7173
   30.7113    0.6188    0.6919
   30.8109    0.5949    0.6674
   30.9147    0.5719    0.6437
   31.0110    0.5498    0.6209
   31.1110    0.5284    0.5989
   31.2146    0.5079    0.5777
   31.3184    0.4882    0.5572
   31.4172    0.4692    0.5375
   31.5120    0.4509    0.5185
   31.6169    0.4333    0.5001
   31.7119    0.4164    0.4825
   31.8108    0.4001    0.4654
   31.9122    0.3844    0.4490
   32.0150    0.3693    0.4331
   32.1124    0.3548    0.4178
   32.2128    0.3409    0.4031
   32.3112    0.3275    0.3889
   32.4124    0.3146    0.3752
   32.5111    0.3022    0.3620
   32.6110    0.2902    0.3493
   32.7111    0.2788    0.3370
   32.8113    0.2677    0.3252
   32.9114    0.2571    0.3138
   33.0117    0.2469    0.3028
   33.1118    0.2371    0.2922
   33.2118    0.2277    0.2820
   33.3117    0.2187    0.2721
   33.4112    0.2100    0.2626
   33.5111    0.2016    0.2534
   33.6124    0.1935    0.2446
   33.7112    0.1858    0.2361
   33.8116    0.1784    0.2279
   33.9118    0.1713    0.2199
   34.0123    0.1644    0.2123
   34.1112    0.1578    0.2049
   34.2111    0.1515    0.1978
   34.3115    0.1454    0.1909
   34.4108    0.1395    0.1843
   34.5112    0.1339    0.1780
   34.6114    0.1285    0.1718
   34.7111    0.1233    0.1659
   34.8113    0.1184    0.1601
   34.9114    0.1136    0.1546
   35.0115    0.1090    0.1493
   35.1121    0.1046    0.1441
   35.2116    0.1003    0.1392
   35.3114    0.0963    0.1344
   35.4124    0.0924    0.1298
   35.5117    0.0886    0.1253
   35.6114    0.0850    0.1210
   35.7109    0.0815    0.1169
   35.8111    0.0782    0.1129
   35.9116    0.0750    0.1090
   36.0115    0.0720    0.1053
   36.1115    0.0690    0.1017
   36.2110    0.0662    0.0982
   36.3118    0.0635    0.0948
   36.4115    0.0609    0.0916
   36.5115    0.0584    0.0885
   36.6122    0.0560    0.0854
   36.7115    0.0537    0.0825
   36.8113    0.0515    0.0797
   36.9116    0.0493    0.0770
   37.0121    0.0473    0.0744
   37.1116    0.0454    0.0719
   37.2113    0.0435    0.0694
   37.3117    0.0417    0.0671
   37.4112    0.0400    0.0648
   37.5114    0.0383    0.0626
   37.6112    0.0367    0.0604
   37.7114    0.0352    0.0584
   37.8114    0.0337    0.0564
   37.9115    0.0323    0.0545
   38.0113    0.0310    0.0527
   38.1121    0.0297    0.0509
   38.2116    0.0284    0.0491
   38.3119    0.0272    0.0475
   38.4117    0.0261    0.0459
   38.5118    0.0250    0.0443
   38.6113    0.0240    0.0428
   38.7117    0.0230    0.0414
   38.8114    0.0220    0.0400
   38.9115    0.0211    0.0386
   39.0116    0.0202    0.0373
   39.1115    0.0193    0.0361
   39.2122    0.0185    0.0348
   39.3121    0.0177    0.0337
   39.4119    0.0170    0.0325
   39.5116    0.0163    0.0314
   39.6114    0.0156    0.0304
   39.7117    0.0149    0.0293
   39.8116    0.0143    0.0283
   39.9121    0.0137    0.0274